camera_matrix: [789.42838, 0.000000, 344.84939, 0.000000,
0.000000, 789.375000, 224.42001, 0.000000, 
0.000000, 0.000000, 1.000000, 0.000000  ]  
rlc:  [ 0.999924,  -0.009302,  -0.004143,
   0.009275,   0.999936,   0.004545,
   0.004213,  -0.004600,   0.999987]
tlc: [0.006894, -0.072957, 0.114623]
